# jackal btm pannel to top panel: 184mm, center aligned
# velodyne btm to top panel: 157mm
# velodyne center to velodyne btm: 37.7mm

links: 9

link0:
  name: base_link

link1:
  name: velodyne
  transform:
    to: 0
    T: 
    - [1., 0., 0., 0.04]
    - [0., 1., 0., 0]
    - [0., 0., 1., 0.3787]
    - [0.0, 0.0, 0.0, 1.0]

# todo: calibrate all cameras again  
link2:
  name: flir_blackfly_camera
  transform:
    to: 1
    T:
    - [ 0.01019588, -0.01312818,  0.99986184,  0.2178    ]
    - [-0.99992137, -0.00743354,  0.01009888,  0.0049    ]
    - [ 0.00729994, -0.99988619, -0.01320294, -0.0645    ]
    - [ 0.        ,  0.        ,  0.        ,  1.        ]


link3:
  name: imu_link
  transform:
    to: 2
    T: 
    - [-0.007358412151307531, 0.9999587780799051, 0.005319390148872949, -0.006148619935963575]
    - [0.007335553107839565, 0.005373369755327734, -0.9999586574244338, 0.015694933118902365]
    - [-0.9999460202587013, -0.0073190872666587525, -0.007374790191556541, -0.18951634130733203]
    - [0.0, 0.0, 0.0, 1.0]


link4: 
  name: zed_left_camera_rectified
  transform:
    from: 2
    T: 
    - [0.9998650339614799, 0.0031122479822752415, 0.016131576913166447, 0.0662723093557627]
    - [-0.003176059444429916, 0.9999872275888487, 0.00393157800043866, -0.09569616160968707]
    - [-0.016119134828334568, -0.003982282218139419, 0.9998621479587678, 0.015430994971725126]
    - [0.0, 0.0, 0.0, 1.0]

link5: 
  name: zed_right_camera_rectified
  transform:
    from: 4
    T: 
    - [0.9999965384345549, -4.7928276260704e-05, -0.0026307454816564923, -0.11982032081709064]
    - [5.493645261583918e-05, 0.9999964501882208, 0.0026639431196346527, 0.00034092466032724784]
    - [0.002630608464803411, -0.0026640784220456977, 0.9999929912680725, 0.004294161487045633]
    - [0.0, 0.0, 0.0, 1.0]

link6: 
  name: flir_adk_camera
  transform:
    from: 5
    T: 
    - [0.999910740950764, 0.011729043422339774, 0.00639841165370868, -0.024106039936297924]
    - [-0.011761662282348978, 0.9999179028279457, 0.0050843784790664814, 0.09502740949187188]
    - [-0.006338251466249692, -0.005159180609291852, 0.9999666041542541, -0.02064691754852575]
    - [0.0, 0.0, 0.0, 1.0]

link7: 
  name: mapir_camera
  transform:
    from: 6
    T: 
    - [0.9991321615434047, -0.01867931787462113, -0.037229112980911624, 0.1600828528332929]
    - [0.018891261794952884, 0.9998072339717076, 0.005349310763124935, 0.007766935512837871]
    - [0.037122014996510855, -0.006047973345244688, 0.999292438689004, 0.01973758559600921]
    - [0.0, 0.0, 0.0, 1.0]

link8: 
  name: gps
  transform:
    to: 1
    T:
    - [1., 0., 0., -0.21]
    - [0., 1., 0., 0]
    - [0., 0., 1., 0.1553]
    - [0.0, 0.0, 0.0, 1.0]